from sense_hat import SenseHat
import time

while True:
    sh=SenseHat()
    FRAMES = [
    [[255, 255, 255], [0, 0, 0], [0, 0, 0], [0, 0, 0], [0, 0, 0], [0, 0, 0], [0, 0, 0], [255, 255, 255], [0, 0, 0], [0, 0, 0], [255, 255, 255], [0, 0, 0], [0, 0, 0], [0, 0, 0], [0, 0, 0], [0, 0, 0], [0, 0, 0], [0, 0, 0], [0, 0, 0], [0, 0, 0], [0, 0, 0], [0, 0, 0], [0, 0, 0], [0, 0, 0], [0, 0, 0], [0, 0, 0], [0, 0, 0], [0, 0, 0], [0, 0, 0], [0, 0, 0], [0, 0, 0], [0, 0, 0], [0, 0, 0], [0, 0, 0], [0, 0, 0], [0, 0, 0], [0, 0, 0], [0, 0, 0], [0, 0, 0], [0, 0, 0], [0, 0, 0], [0, 0, 0], [0, 0, 0], [0, 0, 0], [0, 0, 0], [0, 0, 0], [0, 0, 0], [0, 0, 0], [0, 0, 0], [0, 0, 0], [0, 0, 0], [0, 0, 0], [0, 0, 0], [0, 0, 0], [0, 0, 0], [0, 0, 0], [0, 0, 0], [0, 0, 0], [0, 0, 0], [0, 0, 0], [0, 0, 0], [0, 0, 0], [0, 0, 0], [0, 0, 0]],
    [[0, 0, 0], [0, 0, 0], [0, 0, 0], [0, 0, 0], [0, 0, 0], [255, 255, 255], [0, 0, 0], [0, 0, 0], [255, 255, 255], [0, 0, 0], [0, 0, 0], [0, 0, 0], [0, 0, 0], [0, 0, 0], [0, 0, 0], [255, 255, 255], [0, 0, 0], [0, 0, 0], [255, 255, 255], [0, 0, 0], [0, 0, 0], [0, 0, 0], [0, 0, 0], [0, 0, 0], [0, 0, 0], [0, 0, 0], [0, 0, 0], [0, 0, 0], [0, 0, 0], [0, 0, 0], [0, 0, 0], [0, 0, 0], [0, 0, 0], [0, 0, 0], [0, 0, 0], [0, 0, 0], [0, 0, 0], [0, 0, 0], [0, 0, 0], [0, 0, 0], [0, 0, 0], [0, 0, 0], [0, 0, 0], [0, 0, 0], [0, 0, 0], [0, 0, 0], [0, 0, 0], [0, 0, 0], [0, 0, 0], [0, 0, 0], [0, 0, 0], [0, 0, 0], [0, 0, 0], [0, 0, 0], [0, 0, 0], [0, 0, 0], [0, 0, 0], [0, 0, 0], [0, 0, 0], [0, 0, 0], [0, 0, 0], [0, 0, 0], [0, 0, 0], [0, 0, 0]],
    [[0, 0, 0], [0, 0, 0], [255, 255, 255], [0, 0, 0], [0, 0, 0], [0, 0, 0], [0, 0, 0], [0, 0, 0], [0, 0, 0], [0, 0, 0], [0, 0, 0], [0, 0, 0], [0, 0, 0], [255, 255, 255], [0, 0, 0], [0, 0, 0], [255, 255, 255], [0, 0, 0], [0, 0, 0], [0, 0, 0], [0, 0, 0], [0, 0, 0], [0, 0, 0], [255, 255, 255], [0, 0, 0], [0, 0, 0], [255, 255, 255], [0, 0, 0], [0, 0, 0], [0, 0, 0], [0, 0, 0], [0, 0, 0], [0, 0, 0], [0, 0, 0], [0, 0, 0], [0, 0, 0], [0, 0, 0], [0, 0, 0], [0, 0, 0], [0, 0, 0], [0, 0, 0], [0, 0, 0], [0, 0, 0], [0, 0, 0], [0, 0, 0], [0, 0, 0], [0, 0, 0], [0, 0, 0], [0, 0, 0], [0, 0, 0], [0, 0, 0], [0, 0, 0], [0, 0, 0], [0, 0, 0], [0, 0, 0], [0, 0, 0], [0, 0, 0], [0, 0, 0], [0, 0, 0], [0, 0, 0], [0, 0, 0], [0, 0, 0], [0, 0, 0], [0, 0, 0]],
    [[0, 0, 0], [0, 0, 0], [0, 0, 0], [0, 0, 0], [0, 0, 0], [0, 0, 0], [0, 0, 0], [0, 0, 0], [0, 0, 0], [0, 0, 0], [0, 0, 0], [0, 0, 0], [0, 0, 0], [255, 255, 255], [0, 0, 0], [0, 0, 0], [255, 255, 255], [0, 0, 0], [0, 0, 0], [0, 0, 0], [0, 0, 0], [0, 0, 0], [0, 0, 0], [255, 255, 255], [0, 0, 0], [0, 0, 0], [255, 255, 255], [0, 0, 0], [0, 0, 0], [0, 0, 0], [0, 0, 0], [255, 255, 255], [0, 0, 0], [0, 0, 0], [0, 0, 0], [0, 0, 0], [0, 0, 0], [0, 0, 0], [0, 0, 0], [0, 0, 0], [0, 0, 0], [0, 0, 0], [0, 0, 0], [0, 0, 0], [0, 0, 0], [0, 0, 0], [0, 0, 0], [0, 0, 0], [0, 0, 0], [0, 0, 0], [0, 0, 0], [0, 0, 0], [0, 0, 0], [0, 0, 0], [0, 0, 0], [0, 0, 0], [0, 0, 0], [0, 0, 0], [0, 0, 0], [0, 0, 0], [0, 0, 0], [0, 0, 0], [0, 0, 0], [0, 0, 0]],
    [[0, 0, 0], [255, 255, 255], [0, 0, 0], [0, 0, 0], [0, 0, 0], [0, 0, 0], [0, 0, 0], [0, 0, 0], [0, 0, 0], [0, 0, 0], [0, 0, 0], [0, 0, 0], [0, 0, 0], [0, 0, 0], [0, 0, 0], [0, 0, 0], [0, 0, 0], [0, 0, 0], [0, 0, 0], [0, 0, 0], [0, 0, 0], [255, 255, 255], [0, 0, 0], [0, 0, 0], [255, 255, 255], [0, 0, 0], [0, 0, 0], [0, 0, 0], [0, 0, 0], [0, 0, 0], [0, 0, 0], [255, 255, 255], [0, 0, 0], [0, 0, 0], [255, 255, 255], [0, 0, 0], [0, 0, 0], [0, 0, 0], [0, 0, 0], [255, 255, 255], [0, 0, 0], [0, 0, 0], [0, 0, 0], [0, 0, 0], [0, 0, 0], [0, 0, 0], [0, 0, 0], [0, 0, 0], [0, 0, 0], [0, 0, 0], [0, 0, 0], [0, 0, 0], [0, 0, 0], [0, 0, 0], [0, 0, 0], [0, 0, 0], [0, 0, 0], [0, 0, 0], [0, 0, 0], [0, 0, 0], [0, 0, 0], [0, 0, 0], [0, 0, 0], [0, 0, 0]],
    [[0, 0, 0], [0, 0, 0], [0, 0, 0], [0, 0, 0], [255, 255, 255], [0, 0, 0], [0, 0, 0], [0, 0, 0], [0, 0, 0], [255, 255, 255], [0, 0, 0], [0, 0, 0], [0, 0, 0], [0, 0, 0], [0, 0, 0], [0, 0, 0], [0, 0, 0], [0, 0, 0], [0, 0, 0], [0, 0, 0], [0, 0, 0], [255, 255, 255], [0, 0, 0], [0, 0, 0], [0, 0, 0], [0, 0, 0], [0, 0, 0], [0, 0, 0], [0, 0, 0], [0, 0, 0], [0, 0, 0], [0, 0, 0], [255, 255, 255], [0, 0, 0], [0, 0, 0], [0, 0, 0], [0, 0, 0], [0, 0, 0], [0, 0, 0], [0, 0, 0], [0, 0, 0], [0, 0, 0], [255, 255, 255], [0, 0, 0], [0, 0, 0], [0, 0, 0], [0, 0, 0], [255, 255, 255], [0, 0, 0], [0, 0, 0], [0, 0, 0], [0, 0, 0], [0, 0, 0], [0, 0, 0], [0, 0, 0], [0, 0, 0], [0, 0, 0], [0, 0, 0], [0, 0, 0], [0, 0, 0], [0, 0, 0], [0, 0, 0], [0, 0, 0], [0, 0, 0]],
    [[0, 0, 0], [0, 0, 0], [0, 0, 0], [0, 0, 0], [0, 0, 0], [0, 0, 0], [255, 255, 255], [0, 0, 0], [0, 0, 0], [0, 0, 0], [0, 0, 0], [0, 0, 0], [255, 255, 255], [0, 0, 0], [0, 0, 0], [0, 0, 0], [0, 0, 0], [255, 255, 255], [0, 0, 0], [0, 0, 0], [0, 0, 0], [0, 0, 0], [0, 0, 0], [0, 0, 0], [0, 0, 0], [0, 0, 0], [0, 0, 0], [0, 0, 0], [0, 0, 0], [255, 255, 255], [0, 0, 0], [0, 0, 0], [0, 0, 0], [0, 0, 0], [0, 0, 0], [0, 0, 0], [0, 0, 0], [0, 0, 0], [0, 0, 0], [0, 0, 0], [255, 255, 255], [0, 0, 0], [0, 0, 0], [0, 0, 0], [0, 0, 0], [0, 0, 0], [0, 0, 0], [0, 0, 0], [0, 0, 0], [0, 0, 0], [255, 255, 255], [0, 0, 0], [0, 0, 0], [0, 0, 0], [0, 0, 0], [255, 255, 255], [0, 0, 0], [0, 0, 0], [0, 0, 0], [0, 0, 0], [0, 0, 0], [0, 0, 0], [0, 0, 0], [0, 0, 0]],
    [[255, 255, 255], [0, 0, 0], [0, 0, 0], [0, 0, 0], [0, 0, 0], [0, 0, 0], [0, 0, 0], [0, 0, 0], [0, 0, 0], [0, 0, 0], [0, 0, 0], [0, 0, 0], [0, 0, 0], [0, 0, 0], [255, 255, 255], [0, 0, 0], [0, 0, 0], [0, 0, 0], [0, 0, 0], [0, 0, 0], [255, 255, 255], [0, 0, 0], [0, 0, 0], [0, 0, 0], [0, 0, 0], [255, 255, 255], [0, 0, 0], [0, 0, 0], [0, 0, 0], [0, 0, 0], [0, 0, 0], [0, 0, 0], [0, 0, 0], [0, 0, 0], [0, 0, 0], [0, 0, 0], [0, 0, 0], [255, 255, 255], [0, 0, 0], [0, 0, 0], [0, 0, 0], [0, 0, 0], [0, 0, 0], [0, 0, 0], [0, 0, 0], [0, 0, 0], [0, 0, 0], [0, 0, 0], [255, 255, 255], [0, 0, 0], [0, 0, 0], [0, 0, 0], [0, 0, 0], [0, 0, 0], [0, 0, 0], [0, 0, 0], [0, 0, 0], [0, 0, 0], [255, 255, 255], [0, 0, 0], [0, 0, 0], [0, 0, 0], [0, 0, 0], [255, 255, 255]],
    [[0, 0, 0], [0, 0, 0], [0, 0, 0], [0, 0, 0], [0, 0, 0], [0, 0, 0], [0, 0, 0], [255, 255, 255], [255, 255, 255], [0, 0, 0], [0, 0, 0], [0, 0, 0], [0, 0, 0], [0, 0, 0], [0, 0, 0], [0, 0, 0], [0, 0, 0], [0, 0, 0], [0, 0, 0], [0, 0, 0], [0, 0, 0], [0, 0, 0], [255, 255, 255], [0, 0, 0], [0, 0, 0], [0, 0, 0], [0, 0, 0], [0, 0, 0], [255, 255, 255], [0, 0, 0], [0, 0, 0], [0, 0, 0], [0, 0, 0], [255, 255, 255], [0, 0, 0], [0, 0, 0], [0, 0, 0], [0, 0, 0], [0, 0, 0], [0, 0, 0], [0, 0, 0], [0, 0, 0], [0, 0, 0], [0, 0, 0], [0, 0, 0], [255, 255, 255], [0, 0, 0], [0, 0, 0], [0, 0, 0], [0, 0, 0], [0, 0, 0], [0, 0, 0], [0, 0, 0], [0, 0, 0], [0, 0, 0], [0, 0, 0], [255, 255, 255], [0, 0, 0], [255, 255, 255], [0, 0, 0], [0, 0, 0], [0, 0, 0], [0, 0, 0], [255, 255, 255]],
    [[0, 0, 0], [0, 0, 0], [0, 0, 0], [0, 0, 0], [0, 0, 0], [0, 0, 0], [0, 0, 0], [0, 0, 0], [0, 0, 0], [0, 0, 0], [0, 0, 0], [0, 0, 0], [0, 0, 0], [0, 0, 0], [0, 0, 0], [255, 255, 255], [255, 255, 255], [0, 0, 0], [0, 0, 0], [0, 0, 0], [0, 0, 0], [0, 0, 0], [0, 0, 0], [0, 0, 0], [0, 0, 0], [0, 0, 0], [0, 0, 0], [0, 0, 0], [0, 0, 0], [0, 0, 0], [255, 255, 255], [0, 0, 0], [0, 0, 0], [0, 0, 0], [0, 0, 0], [0, 0, 0], [255, 255, 255], [0, 0, 0], [0, 0, 0], [0, 0, 0], [0, 0, 0], [255, 255, 255], [0, 0, 0], [0, 0, 0], [0, 0, 0], [0, 0, 0], [0, 0, 0], [0, 0, 0], [0, 0, 0], [0, 0, 0], [0, 0, 0], [0, 0, 0], [0, 0, 0], [255, 255, 255], [0, 0, 0], [0, 0, 0], [255, 255, 255], [0, 0, 0], [255, 255, 255], [0, 0, 0], [0, 0, 0], [0, 0, 0], [0, 0, 0], [255, 255, 255]],
    [[0, 0, 0], [0, 0, 0], [255, 255, 255], [0, 0, 0], [0, 0, 0], [0, 0, 0], [0, 0, 0], [0, 0, 0], [0, 0, 0], [0, 0, 0], [0, 0, 0], [0, 0, 0], [0, 0, 0], [0, 0, 0], [0, 0, 0], [0, 0, 0], [0, 0, 0], [0, 0, 0], [0, 0, 0], [0, 0, 0], [0, 0, 0], [0, 0, 0], [0, 0, 0], [255, 255, 255], [255, 255, 255], [0, 0, 0], [0, 0, 0], [0, 0, 0], [0, 0, 0], [0, 0, 0], [0, 0, 0], [0, 0, 0], [0, 0, 0], [0, 0, 0], [0, 0, 0], [0, 0, 0], [0, 0, 0], [0, 0, 0], [255, 255, 255], [0, 0, 0], [0, 0, 0], [0, 0, 0], [0, 0, 0], [0, 0, 0], [255, 255, 255], [0, 0, 0], [0, 0, 0], [0, 0, 0], [0, 0, 0], [255, 255, 255], [0, 0, 0], [0, 0, 0], [0, 0, 0], [0, 0, 0], [0, 0, 0], [0, 0, 0], [255, 255, 255], [0, 0, 0], [255, 255, 255], [0, 0, 0], [0, 0, 0], [255, 255, 255], [0, 0, 0], [255, 255, 255]],
    [[0, 0, 0], [0, 0, 0], [0, 0, 0], [0, 0, 0], [0, 0, 0], [255, 255, 255], [0, 0, 0], [255, 255, 255], [0, 0, 0], [0, 0, 0], [255, 255, 255], [0, 0, 0], [0, 0, 0], [0, 0, 0], [0, 0, 0], [0, 0, 0], [0, 0, 0], [0, 0, 0], [0, 0, 0], [0, 0, 0], [0, 0, 0], [0, 0, 0], [0, 0, 0], [0, 0, 0], [0, 0, 0], [0, 0, 0], [0, 0, 0], [0, 0, 0], [0, 0, 0], [0, 0, 0], [0, 0, 0], [255, 255, 255], [255, 255, 255], [0, 0, 0], [0, 0, 0], [0, 0, 0], [0, 0, 0], [0, 0, 0], [0, 0, 0], [0, 0, 0], [0, 0, 0], [0, 0, 0], [0, 0, 0], [0, 0, 0], [0, 0, 0], [0, 0, 0], [255, 255, 255], [0, 0, 0], [0, 0, 0], [255, 255, 255], [0, 0, 0], [0, 0, 0], [255, 255, 255], [0, 0, 0], [0, 0, 0], [0, 0, 0], [255, 255, 255], [0, 0, 0], [255, 255, 255], [0, 0, 0], [0, 0, 0], [255, 255, 255], [0, 0, 0], [255, 255, 255]],
    [[0, 0, 0], [0, 0, 0], [0, 0, 0], [0, 0, 0], [0, 0, 0], [0, 0, 0], [0, 0, 0], [0, 0, 0], [0, 0, 0], [0, 0, 0], [0, 0, 0], [0, 0, 0], [0, 0, 0], [255, 255, 255], [0, 0, 0], [255, 255, 255], [0, 0, 0], [0, 0, 0], [255, 255, 255], [0, 0, 0], [0, 0, 0], [0, 0, 0], [0, 0, 0], [0, 0, 0], [0, 0, 0], [0, 0, 0], [0, 0, 0], [0, 0, 0], [0, 0, 0], [0, 0, 0], [0, 0, 0], [0, 0, 0], [0, 0, 0], [0, 0, 0], [0, 0, 0], [0, 0, 0], [0, 0, 0], [0, 0, 0], [0, 0, 0], [255, 255, 255], [255, 255, 255], [0, 0, 0], [0, 0, 0], [0, 0, 0], [0, 0, 0], [0, 0, 0], [0, 0, 0], [0, 0, 0], [0, 0, 0], [0, 0, 0], [0, 0, 0], [0, 0, 0], [0, 0, 0], [0, 0, 0], [255, 255, 255], [0, 0, 0], [255, 255, 255], [255, 255, 255], [255, 255, 255], [0, 0, 0], [255, 255, 255], [255, 255, 255], [0, 0, 0], [255, 255, 255]],
    [[0, 0, 0], [0, 0, 0], [255, 255, 255], [0, 0, 0], [0, 0, 0], [0, 0, 0], [0, 0, 0], [0, 0, 0], [0, 0, 0], [0, 0, 0], [0, 0, 0], [0, 0, 0], [0, 0, 0], [0, 0, 0], [0, 0, 0], [0, 0, 0], [0, 0, 0], [0, 0, 0], [0, 0, 0], [0, 0, 0], [0, 0, 0], [255, 255, 255], [0, 0, 0], [255, 255, 255], [0, 0, 0], [0, 0, 0], [255, 255, 255], [0, 0, 0], [0, 0, 0], [0, 0, 0], [0, 0, 0], [0, 0, 0], [0, 0, 0], [0, 0, 0], [0, 0, 0], [0, 0, 0], [0, 0, 0], [0, 0, 0], [0, 0, 0], [0, 0, 0], [0, 0, 0], [0, 0, 0], [0, 0, 0], [0, 0, 0], [0, 0, 0], [0, 0, 0], [0, 0, 0], [255, 255, 255], [255, 255, 255], [0, 0, 0], [0, 0, 0], [0, 0, 0], [0, 0, 0], [0, 0, 0], [0, 0, 0], [0, 0, 0], [255, 255, 255], [255, 255, 255], [255, 255, 255], [0, 0, 0], [255, 255, 255], [255, 255, 255], [255, 255, 255], [255, 255, 255]],
    [[0, 0, 0], [0, 0, 0], [0, 0, 0], [0, 0, 0], [0, 0, 0], [0, 0, 0], [255, 255, 255], [0, 0, 0], [0, 0, 0], [0, 0, 0], [255, 255, 255], [0, 0, 0], [0, 0, 0], [0, 0, 0], [0, 0, 0], [0, 0, 0], [0, 0, 0], [0, 0, 0], [0, 0, 0], [0, 0, 0], [0, 0, 0], [0, 0, 0], [0, 0, 0], [0, 0, 0], [0, 0, 0], [0, 0, 0], [0, 0, 0], [0, 0, 0], [0, 0, 0], [255, 255, 255], [0, 0, 0], [255, 255, 255], [0, 0, 0], [0, 0, 0], [255, 255, 255], [0, 0, 0], [0, 0, 0], [0, 0, 0], [0, 0, 0], [0, 0, 0], [0, 0, 0], [0, 0, 0], [0, 0, 0], [0, 0, 0], [0, 0, 0], [0, 0, 0], [0, 0, 0], [0, 0, 0], [255, 255, 255], [0, 0, 0], [0, 0, 0], [0, 0, 0], [0, 0, 0], [0, 0, 0], [0, 0, 0], [255, 255, 255], [255, 255, 255], [255, 255, 255], [255, 255, 255], [0, 0, 0], [255, 255, 255], [255, 255, 255], [255, 255, 255], [255, 255, 255]],
    [[0, 0, 0], [0, 0, 0], [0, 0, 0], [0, 0, 0], [0, 0, 0], [0, 0, 0], [0, 0, 0], [0, 0, 0], [0, 0, 0], [0, 0, 0], [0, 0, 0], [0, 0, 0], [0, 0, 0], [0, 0, 0], [255, 255, 255], [0, 0, 0], [0, 0, 0], [0, 0, 0], [255, 255, 255], [0, 0, 0], [0, 0, 0], [0, 0, 0], [0, 0, 0], [0, 0, 0], [0, 0, 0], [0, 0, 0], [0, 0, 0], [0, 0, 0], [0, 0, 0], [0, 0, 0], [0, 0, 0], [0, 0, 0], [0, 0, 0], [0, 0, 0], [0, 0, 0], [0, 0, 0], [0, 0, 0], [255, 255, 255], [0, 0, 0], [255, 255, 255], [0, 0, 0], [0, 0, 0], [255, 255, 255], [0, 0, 0], [0, 0, 0], [0, 0, 0], [0, 0, 0], [0, 0, 0], [255, 255, 255], [0, 0, 0], [0, 0, 0], [0, 0, 0], [0, 0, 0], [0, 0, 0], [0, 0, 0], [255, 255, 255], [255, 255, 255], [255, 255, 255], [255, 255, 255], [0, 0, 0], [255, 255, 255], [255, 255, 255], [255, 255, 255], [255, 255, 255]],
    [[0, 0, 0], [0, 0, 0], [0, 0, 0], [0, 0, 0], [0, 0, 0], [0, 0, 0], [0, 0, 0], [0, 0, 0], [0, 0, 0], [0, 0, 0], [0, 0, 0], [0, 0, 0], [0, 0, 0], [0, 0, 0], [0, 0, 0], [0, 0, 0], [0, 0, 0], [0, 0, 0], [0, 0, 0], [0, 0, 0], [0, 0, 0], [0, 0, 0], [255, 255, 255], [0, 0, 0], [0, 0, 0], [0, 0, 0], [255, 255, 255], [0, 0, 0], [0, 0, 0], [0, 0, 0], [0, 0, 0], [0, 0, 0], [0, 0, 0], [0, 0, 0], [0, 0, 0], [0, 0, 0], [0, 0, 0], [0, 0, 0], [0, 0, 0], [0, 0, 0], [0, 0, 0], [0, 0, 0], [0, 0, 0], [0, 0, 0], [0, 0, 0], [255, 255, 255], [0, 0, 0], [255, 255, 255], [255, 255, 255], [0, 0, 0], [255, 255, 255], [0, 0, 0], [0, 0, 0], [0, 0, 0], [0, 0, 0], [255, 255, 255], [255, 255, 255], [255, 255, 255], [255, 255, 255], [0, 0, 0], [255, 255, 255], [255, 255, 255], [255, 255, 255], [255, 255, 255]],
    [[0, 0, 0], [0, 0, 0], [255, 255, 255], [0, 0, 0], [0, 0, 0], [0, 0, 0], [0, 0, 0], [255, 255, 255], [0, 0, 0], [0, 0, 0], [0, 0, 0], [0, 0, 0], [0, 0, 0], [0, 0, 0], [0, 0, 0], [0, 0, 0], [0, 0, 0], [0, 0, 0], [0, 0, 0], [0, 0, 0], [0, 0, 0], [0, 0, 0], [0, 0, 0], [0, 0, 0], [0, 0, 0], [0, 0, 0], [0, 0, 0], [0, 0, 0], [0, 0, 0], [0, 0, 0], [255, 255, 255], [0, 0, 0], [0, 0, 0], [0, 0, 0], [255, 255, 255], [0, 0, 0], [0, 0, 0], [0, 0, 0], [0, 0, 0], [0, 0, 0], [0, 0, 0], [0, 0, 0], [0, 0, 0], [0, 0, 0], [0, 0, 0], [0, 0, 0], [0, 0, 0], [255, 255, 255], [255, 255, 255], [0, 0, 0], [255, 255, 255], [0, 0, 0], [0, 0, 0], [255, 255, 255], [0, 0, 0], [255, 255, 255], [255, 255, 255], [255, 255, 255], [255, 255, 255], [0, 0, 0], [255, 255, 255], [255, 255, 255], [255, 255, 255], [255, 255, 255]],
    [[255, 255, 255], [0, 0, 0], [0, 0, 0], [0, 0, 0], [0, 0, 0], [255, 255, 255], [0, 0, 0], [255, 255, 255], [0, 0, 0], [0, 0, 0], [255, 255, 255], [0, 0, 0], [0, 0, 0], [0, 0, 0], [0, 0, 0], [255, 255, 255], [0, 0, 0], [0, 0, 0], [0, 0, 0], [0, 0, 0], [0, 0, 0], [0, 0, 0], [0, 0, 0], [0, 0, 0], [0, 0, 0], [0, 0, 0], [0, 0, 0], [0, 0, 0], [0, 0, 0], [0, 0, 0], [0, 0, 0], [0, 0, 0], [0, 0, 0], [0, 0, 0], [0, 0, 0], [0, 0, 0], [0, 0, 0], [0, 0, 0], [255, 255, 255], [0, 0, 0], [0, 0, 0], [0, 0, 0], [255, 255, 255], [0, 0, 0], [0, 0, 0], [0, 0, 0], [0, 0, 0], [255, 255, 255], [255, 255, 255], [0, 0, 0], [255, 255, 255], [0, 0, 0], [0, 0, 0], [255, 255, 255], [0, 0, 0], [255, 255, 255], [255, 255, 255], [255, 255, 255], [255, 255, 255], [0, 0, 0], [255, 255, 255], [255, 255, 255], [255, 255, 255], [255, 255, 255]],
    [[0, 0, 0], [0, 0, 0], [0, 0, 0], [0, 0, 0], [0, 0, 0], [0, 0, 0], [0, 0, 0], [0, 0, 0], [255, 255, 255], [0, 0, 0], [0, 0, 0], [0, 0, 0], [0, 0, 0], [255, 255, 255], [0, 0, 0], [255, 255, 255], [0, 0, 0], [0, 0, 0], [255, 255, 255], [0, 0, 0], [0, 0, 0], [0, 0, 0], [0, 0, 0], [255, 255, 255], [0, 0, 0], [0, 0, 0], [0, 0, 0], [0, 0, 0], [0, 0, 0], [0, 0, 0], [0, 0, 0], [0, 0, 0], [0, 0, 0], [0, 0, 0], [0, 0, 0], [0, 0, 0], [0, 0, 0], [0, 0, 0], [255, 255, 255], [0, 0, 0], [0, 0, 0], [0, 0, 0], [255, 255, 255], [0, 0, 0], [0, 0, 0], [0, 0, 0], [0, 0, 0], [255, 255, 255], [255, 255, 255], [0, 0, 0], [255, 255, 255], [0, 0, 0], [0, 0, 0], [255, 255, 255], [0, 0, 0], [255, 255, 255], [255, 255, 255], [255, 255, 255], [255, 255, 255], [0, 0, 0], [255, 255, 255], [255, 255, 255], [255, 255, 255], [255, 255, 255]],
    [[0, 0, 0], [0, 0, 0], [0, 0, 0], [255, 255, 255], [0, 0, 0], [0, 0, 0], [0, 0, 0], [0, 0, 0], [255, 255, 255], [0, 0, 0], [0, 0, 0], [0, 0, 0], [0, 0, 0], [255, 255, 255], [0, 0, 0], [255, 255, 255], [0, 0, 0], [0, 0, 0], [255, 255, 255], [0, 0, 0], [0, 0, 0], [0, 0, 0], [0, 0, 0], [255, 255, 255], [0, 0, 0], [0, 0, 0], [0, 0, 0], [0, 0, 0], [0, 0, 0], [0, 0, 0], [0, 0, 0], [0, 0, 0], [0, 0, 0], [0, 0, 0], [0, 0, 0], [0, 0, 0], [0, 0, 0], [0, 0, 0], [255, 255, 255], [0, 0, 0], [0, 0, 0], [0, 0, 0], [255, 255, 255], [0, 0, 0], [0, 0, 0], [0, 0, 0], [0, 0, 0], [255, 255, 255], [255, 255, 255], [0, 0, 0], [255, 255, 255], [0, 0, 0], [0, 0, 0], [255, 255, 255], [0, 0, 0], [255, 255, 255], [255, 255, 255], [255, 255, 255], [255, 255, 255], [0, 0, 0], [255, 255, 255], [255, 255, 255], [255, 255, 255], [255, 255, 255]],
    [[0, 0, 0], [0, 0, 0], [0, 0, 0], [0, 0, 0], [0, 0, 0], [0, 0, 0], [0, 0, 0], [0, 0, 0], [0, 0, 0], [0, 0, 0], [0, 0, 0], [255, 255, 255], [0, 0, 0], [0, 0, 0], [0, 0, 0], [0, 0, 0], [255, 255, 255], [0, 0, 0], [0, 0, 0], [0, 0, 0], [0, 0, 0], [255, 255, 255], [0, 0, 0], [255, 255, 255], [0, 0, 0], [0, 0, 0], [255, 255, 255], [0, 0, 0], [0, 0, 0], [0, 0, 0], [0, 0, 0], [255, 255, 255], [0, 0, 0], [0, 0, 0], [0, 0, 0], [0, 0, 0], [0, 0, 0], [0, 0, 0], [255, 255, 255], [0, 0, 0], [0, 0, 0], [0, 0, 0], [0, 0, 0], [0, 0, 0], [0, 0, 0], [0, 0, 0], [0, 0, 0], [255, 255, 255], [255, 255, 255], [0, 0, 0], [255, 255, 255], [255, 255, 255], [0, 0, 0], [255, 255, 255], [0, 0, 0], [255, 255, 255], [255, 255, 255], [255, 255, 255], [255, 255, 255], [0, 0, 0], [255, 255, 255], [255, 255, 255], [255, 255, 255], [255, 255, 255]],
    [[0, 0, 0], [0, 0, 0], [0, 0, 0], [0, 0, 0], [0, 0, 0], [0, 0, 0], [0, 0, 0], [0, 0, 0], [0, 0, 0], [0, 0, 0], [0, 0, 0], [0, 0, 0], [0, 0, 0], [0, 0, 0], [0, 0, 0], [0, 0, 0], [0, 0, 0], [0, 0, 0], [0, 0, 0], [255, 255, 255], [0, 0, 0], [0, 0, 0], [0, 0, 0], [0, 0, 0], [255, 255, 255], [0, 0, 0], [0, 0, 0], [0, 0, 0], [0, 0, 0], [255, 255, 255], [0, 0, 0], [255, 255, 255], [0, 0, 0], [0, 0, 0], [0, 0, 0], [0, 0, 0], [0, 0, 0], [0, 0, 0], [0, 0, 0], [255, 255, 255], [0, 0, 0], [0, 0, 0], [255, 255, 255], [0, 0, 0], [0, 0, 0], [0, 0, 0], [255, 255, 255], [255, 255, 255], [255, 255, 255], [0, 0, 0], [255, 255, 255], [255, 255, 255], [0, 0, 0], [255, 255, 255], [0, 0, 0], [255, 255, 255], [255, 255, 255], [255, 255, 255], [255, 255, 255], [0, 0, 0], [255, 255, 255], [255, 255, 255], [255, 255, 255], [255, 255, 255]],
    [[0, 0, 0], [0, 0, 0], [0, 0, 0], [0, 0, 0], [0, 0, 0], [0, 0, 0], [0, 0, 0], [0, 0, 0], [0, 0, 0], [0, 0, 0], [0, 0, 0], [0, 0, 0], [0, 0, 0], [0, 0, 0], [0, 0, 0], [0, 0, 0], [0, 0, 0], [0, 0, 0], [0, 0, 0], [0, 0, 0], [0, 0, 0], [0, 0, 0], [0, 0, 0], [0, 0, 0], [0, 0, 0], [0, 0, 0], [0, 0, 0], [255, 255, 255], [0, 0, 0], [0, 0, 0], [0, 0, 0], [255, 255, 255], [255, 255, 255], [0, 0, 0], [0, 0, 0], [0, 0, 0], [0, 0, 0], [255, 255, 255], [0, 0, 0], [255, 255, 255], [0, 0, 0], [0, 0, 0], [255, 255, 255], [0, 0, 0], [0, 0, 0], [0, 0, 0], [0, 0, 0], [255, 255, 255], [255, 255, 255], [0, 0, 0], [255, 255, 255], [0, 0, 0], [0, 0, 0], [255, 255, 255], [255, 255, 255], [255, 255, 255], [255, 255, 255], [255, 255, 255], [255, 255, 255], [255, 255, 255], [255, 255, 255], [255, 255, 255], [255, 255, 255], [255, 255, 255]],
    [[0, 0, 0], [0, 0, 0], [0, 0, 0], [0, 0, 0], [0, 0, 0], [0, 0, 0], [255, 255, 255], [0, 0, 0], [0, 0, 0], [0, 0, 0], [0, 0, 0], [0, 0, 0], [0, 0, 0], [0, 0, 0], [0, 0, 0], [0, 0, 0], [0, 0, 0], [0, 0, 0], [0, 0, 0], [0, 0, 0], [0, 0, 0], [0, 0, 0], [0, 0, 0], [0, 0, 0], [0, 0, 0], [0, 0, 0], [0, 0, 0], [255, 255, 255], [0, 0, 0], [0, 0, 0], [0, 0, 0], [255, 255, 255], [0, 0, 0], [0, 0, 0], [0, 0, 0], [255, 255, 255], [0, 0, 0], [0, 0, 0], [0, 0, 0], [255, 255, 255], [255, 255, 255], [0, 0, 0], [255, 255, 255], [0, 0, 0], [0, 0, 0], [255, 255, 255], [0, 0, 0], [255, 255, 255], [255, 255, 255], [0, 0, 0], [255, 255, 255], [0, 0, 0], [0, 0, 0], [255, 255, 255], [255, 255, 255], [255, 255, 255], [255, 255, 255], [255, 255, 255], [255, 255, 255], [255, 255, 255], [255, 255, 255], [255, 255, 255], [255, 255, 255], [255, 255, 255]],
    [[0, 0, 0], [0, 0, 0], [0, 0, 0], [0, 0, 0], [0, 0, 0], [0, 0, 0], [0, 0, 0], [0, 0, 0], [0, 0, 0], [0, 0, 0], [0, 0, 0], [0, 0, 0], [0, 0, 0], [0, 0, 0], [255, 255, 255], [0, 0, 0], [0, 0, 0], [0, 0, 0], [0, 0, 0], [0, 0, 0], [0, 0, 0], [0, 0, 0], [0, 0, 0], [0, 0, 0], [0, 0, 0], [0, 0, 0], [0, 0, 0], [0, 0, 0], [0, 0, 0], [0, 0, 0], [0, 0, 0], [255, 255, 255], [0, 0, 0], [0, 0, 0], [0, 0, 0], [255, 255, 255], [0, 0, 0], [0, 0, 0], [0, 0, 0], [255, 255, 255], [255, 255, 255], [0, 0, 0], [255, 255, 255], [255, 255, 255], [0, 0, 0], [255, 255, 255], [0, 0, 0], [255, 255, 255], [255, 255, 255], [0, 0, 0], [255, 255, 255], [0, 0, 0], [0, 0, 0], [255, 255, 255], [255, 255, 255], [255, 255, 255], [255, 255, 255], [255, 255, 255], [255, 255, 255], [255, 255, 255], [255, 255, 255], [255, 255, 255], [255, 255, 255], [255, 255, 255]],
    [[0, 0, 0], [0, 0, 0], [0, 0, 0], [0, 0, 0], [0, 0, 0], [0, 0, 0], [0, 0, 0], [0, 0, 0], [0, 0, 0], [0, 0, 0], [0, 0, 0], [0, 0, 0], [0, 0, 0], [0, 0, 0], [0, 0, 0], [0, 0, 0], [0, 0, 0], [0, 0, 0], [0, 0, 0], [0, 0, 0], [0, 0, 0], [0, 0, 0], [255, 255, 255], [0, 0, 0], [0, 0, 0], [0, 0, 0], [0, 0, 0], [0, 0, 0], [0, 0, 0], [0, 0, 0], [0, 0, 0], [255, 255, 255], [0, 0, 0], [0, 0, 0], [0, 0, 0], [0, 0, 0], [0, 0, 0], [0, 0, 0], [0, 0, 0], [255, 255, 255], [255, 255, 255], [0, 0, 0], [255, 255, 255], [255, 255, 255], [0, 0, 0], [255, 255, 255], [0, 0, 0], [255, 255, 255], [255, 255, 255], [0, 0, 0], [255, 255, 255], [255, 255, 255], [0, 0, 0], [255, 255, 255], [255, 255, 255], [255, 255, 255], [255, 255, 255], [255, 255, 255], [255, 255, 255], [255, 255, 255], [255, 255, 255], [255, 255, 255], [255, 255, 255], [255, 255, 255]],
    [[0, 0, 0], [0, 0, 0], [0, 0, 0], [0, 0, 0], [0, 0, 0], [0, 0, 0], [0, 0, 0], [0, 0, 0], [0, 0, 0], [0, 0, 0], [0, 0, 0], [0, 0, 0], [0, 0, 0], [0, 0, 0], [0, 0, 0], [0, 0, 0], [0, 0, 0], [0, 0, 0], [0, 0, 0], [0, 0, 0], [0, 0, 0], [0, 0, 0], [0, 0, 0], [0, 0, 0], [0, 0, 0], [0, 0, 0], [0, 0, 0], [0, 0, 0], [0, 0, 0], [0, 0, 0], [255, 255, 255], [255, 255, 255], [0, 0, 0], [0, 0, 0], [0, 0, 0], [0, 0, 0], [0, 0, 0], [0, 0, 0], [0, 0, 0], [255, 255, 255], [255, 255, 255], [0, 0, 0], [255, 255, 255], [255, 255, 255], [0, 0, 0], [255, 255, 255], [0, 0, 0], [255, 255, 255], [255, 255, 255], [0, 0, 0], [255, 255, 255], [255, 255, 255], [0, 0, 0], [255, 255, 255], [255, 255, 255], [255, 255, 255], [255, 255, 255], [255, 255, 255], [255, 255, 255], [255, 255, 255], [255, 255, 255], [255, 255, 255], [255, 255, 255], [255, 255, 255]],
    [[0, 0, 0], [0, 0, 0], [0, 0, 0], [0, 0, 0], [0, 0, 0], [0, 0, 0], [0, 0, 0], [0, 0, 0], [0, 0, 0], [0, 0, 0], [0, 0, 0], [0, 0, 0], [0, 0, 0], [0, 0, 0], [0, 0, 0], [0, 0, 0], [0, 0, 0], [0, 0, 0], [0, 0, 0], [0, 0, 0], [0, 0, 0], [0, 0, 0], [0, 0, 0], [0, 0, 0], [0, 0, 0], [0, 0, 0], [0, 0, 0], [0, 0, 0], [0, 0, 0], [0, 0, 0], [0, 0, 0], [255, 255, 255], [0, 0, 0], [0, 0, 0], [0, 0, 0], [0, 0, 0], [0, 0, 0], [0, 0, 0], [255, 255, 255], [255, 255, 255], [255, 255, 255], [0, 0, 0], [255, 255, 255], [255, 255, 255], [0, 0, 0], [255, 255, 255], [0, 0, 0], [255, 255, 255], [255, 255, 255], [0, 0, 0], [255, 255, 255], [255, 255, 255], [0, 0, 0], [255, 255, 255], [255, 255, 255], [255, 255, 255], [255, 255, 255], [255, 255, 255], [255, 255, 255], [255, 255, 255], [255, 255, 255], [255, 255, 255], [255, 255, 255], [255, 255, 255]],
    [[0, 0, 0], [0, 0, 0], [0, 0, 0], [0, 0, 0], [0, 0, 0], [0, 0, 0], [0, 0, 0], [0, 0, 0], [0, 0, 0], [0, 0, 0], [0, 0, 0], [0, 0, 0], [0, 0, 0], [0, 0, 0], [0, 0, 0], [0, 0, 0], [0, 0, 0], [0, 0, 0], [0, 0, 0], [0, 0, 0], [0, 0, 0], [0, 0, 0], [0, 0, 0], [0, 0, 0], [0, 0, 0], [0, 0, 0], [0, 0, 0], [0, 0, 0], [0, 0, 0], [0, 0, 0], [0, 0, 0], [255, 255, 255], [0, 0, 0], [0, 0, 0], [0, 0, 0], [0, 0, 0], [0, 0, 0], [0, 0, 0], [0, 0, 0], [255, 255, 255], [255, 255, 255], [0, 0, 0], [255, 255, 255], [255, 255, 255], [0, 0, 0], [255, 255, 255], [255, 255, 255], [255, 255, 255], [255, 255, 255], [0, 0, 0], [255, 255, 255], [255, 255, 255], [0, 0, 0], [255, 255, 255], [255, 255, 255], [255, 255, 255], [255, 255, 255], [255, 255, 255], [255, 255, 255], [255, 255, 255], [255, 255, 255], [255, 255, 255], [255, 255, 255], [255, 255, 255]],
    ]
    for x in FRAMES:
             sh.set_pixels(x)
             time.sleep(0.25)
